264358,9.722356341860177,52.44402740898357,150.0,1
264359,9.722356341860177,52.44402740898357,75.0,1
264154,6.862356675983506,49.97001450050925,350.0,1
263919,6.058263730574481,50.7695374363702,50.0,1
263261,9.65858,54.280372,150.0,1
263262,9.65858,54.280372,75.0,1
263258,12.437368,51.356722,150.0,2
263259,12.437368,51.356722,75.0,2
262895,7.049471839741273,50.91763513466341,50.0,1
262348,7.96717238421536,51.443994192271816,50.0,1
261799,7.238428847766045,51.27925704006813,300.0,2
261758,11.490081174366878,50.03792883245217,75.0,1
261663,9.395323773179939,54.66963848925877,50.0,1
260979,8.575774302568561,51.406452590182425,300.0,2
260006,8.82446448654514,50.59836307003019,50.0,1
260003,8.464234251711332,50.123206419986275,50.0,1
260005,8.464234251711332,50.123206419986275,43.0,1
259999,8.548781562906015,50.15068971557116,50.0,1
259670,9.822778482307399,47.69661473687145,50.0,1
259336,9.567105878162124,52.217996329837234,55.0,1
259329,10.14330488139285,51.92643374812229,300.0,1
259327,10.14314240812007,51.92619690677111,350.0,4
259326,10.141883656878917,51.92799469241149,350.0,4
259324,10.141883656878917,51.92799469241149,300.0,1
258380,9.72394769439893,52.441897253197624,150.0,1
258278,8.487407531582903,51.59366138783139,300.0,1
258279,8.487407531582903,51.59366138783139,300.0,1
258281,8.487407531582903,51.59366138783139,300.0,1
258282,8.487407531582903,51.59366138783139,300.0,1
258258,9.19262600728382,48.67891588327751,50.0,1
257871,7.640501841549508,51.773251947491644,135.0,1
257869,7.639335802420646,51.774851036178575,160.0,1
256005,8.54508499569397,49.4132563731435,50.0,2
255046,9.007478537439965,49.683091881585,100.0,1
254885,11.570383,48.189324,150.0,1
253387,13.017351608470108,52.303021315683736,175.0,1
253262,9.81415257509525,52.3231359019328,150.0,2
253211,9.754247857631867,52.36175759772473,50.0,1
253203,12.775,50.86872,150.0,2
253198,12.75623,50.85577,135.0,2
234976,8.39399435534665,49.04439855769641,50.0,1
234351,14.317977641201423,51.71795305485813,62.0,2
234273,13.74400533524215,51.04912370864477,62.0,4
234172,13.72715867706495,51.031259848174074,150.0,3
233986,10.669448372636793,53.879027593478185,50.0,1
233988,10.669448372636793,53.879027593478185,200.0,2
233989,10.669448372636793,53.879027593478185,400.0,2
233983,10.827650190537724,54.09916231693697,160.0,1
233980,10.792471901421095,54.09894872289439,50.0,1
233977,10.79468904593773,54.09995832427356,50.0,1
233971,10.67933691664598,53.852806013644596,50.0,1
233505,8.318140772507832,48.79998450927573,100.0,1
233432,12.90329428536063,50.79112124297043,50.0,1
233433,12.90329428536063,50.79112124297043,150.0,1
233280,12.082061521043215,47.84337493909473,150.0,2
233253,8.07099110879085,49.52756720456915,300.0,2
232641,9.643447664475389,52.41455314697407,150.0,2
232621,8.32930485697625,54.90140406515869,50.0,1
232211,6.112544472104673,50.779213709582166,50.0,1
226856,13.060391732196308,52.401756530224645,50.0,1
226847,13.180204631758443,54.45790570001614,50.0,1
226844,13.265804604791356,52.441999237081404,50.0,1
226810,12.118094310904894,47.84903676525974,50.0,1
226804,12.852565736412158,50.802213386495474,50.0,2
232871,12.852565736412158,50.802213386495474,350.0,2
219633,13.65427197676513,51.09977163764552,50.0,1
218022,9.22402103383979,49.19549200513086,350.0,1
218011,9.632794157935905,51.37065467674233,350.0,4
208105,9.18152147056071,52.99841480402523,350.0,4
207847,6.213854,50.817668,350.0,4
207180,9.731709089541255,52.445066775770044,55.0,1
206818,9.99655924046965,52.388701823400964,350.0,4
206817,9.99837445767206,52.38692295265403,350.0,4
206813,9.69677353070881,52.43943218066309,55.0,1
206810,9.719313663946991,52.33746806046966,55.0,1
206662,10.409774441963918,51.93252061408822,75.0,2
206659,9.725905546212857,52.386253181565195,50.0,1
206256,9.642014630664903,52.41436303108844,350.0,4
206252,10.194399,52.213069,50.0,1
205788,10.034202083322043,49.14019911013065,50.0,1
205361,10.770260284898995,52.48451744570954,100.0,2
203889,10.029658730876122,48.45682555881041,300.0,4
203890,10.029658730876122,48.45682555881041,150.0,2
203885,11.353950056216718,48.238650058087984,350.0,4
203886,11.353950056216718,48.238650058087984,50.0,1
203850,11.066051228632432,48.389936371911574,50.0,1
203745,8.903554676895283,52.25990270087047,75.0,2
203741,9.856604446175197,52.23560563289712,55.0,1
203238,11.717531712182677,47.906493202431875,350.0,4
203234,8.076899032784922,52.260443838202235,150.0,1
203213,9.414435650361838,52.33326031841969,175.0,3
203207,9.675767511775007,52.39613308609452,55.0,1
203203,9.672025869103436,52.35774546112967,55.0,1
189480,9.976685339837104,52.162137752685,100.0,1
188208,8.619483256745411,49.81380523803679,50.0,2
187823,12.137617297126326,51.29023699065681,350.0,6
187404,7.43285282320346,51.4773498654974,50.0,1
187305,6.99563306762229,51.4592513124674,50.0,1
187127,6.99906584655162,51.4311018515279,50.0,1
187125,9.97732200217081,52.1646590767178,100.0,1
187080,9.98408111538038,53.1100576805117,350.0,4
187079,9.98166206196265,53.1093002148386,350.0,4
186953,7.000823643971671,51.43152745182621,350.0,4
186404,8.60387365607221,49.6903587594344,50.0,1
186228,8.62585434078824,49.8718633299713,50.0,1
186069,9.12531927788984,49.3407277916331,50.0,1
186026,9.9814945078723,53.109301281068,50.0,1
185820,11.4569459674947,53.8522842889596,50.0,1
185807,8.65069301469453,50.5376863031662,50.0,1
185240,12.4510229829541,53.15737212862055,175.0,2
185241,12.4510229829541,53.15737212862055,50.0,1
184944,9.93577895435533,53.4302920863042,320.0,2
184945,9.93577895435533,53.4302920863042,50.0,1
184940,8.31593054273276,52.1946131329877,175.0,1
184941,8.31593054273276,52.1946131329877,50.0,1
184936,10.2053235748156,48.6157925517203,175.0,2
184937,10.2053235748156,48.6157925517203,50.0,1
184932,11.096898,53.507648,175.0,1
184933,11.096898,53.507648,50.0,1
184927,12.6733824324649,48.6919994651226,175.0,2
184928,12.6733824324649,48.6919994651226,50.0,1
184923,6.9695378029096,51.5551963497842,175.0,1
184924,6.9695378029096,51.5551963497842,50.0,1
184919,7.75489016629876,48.2264996357985,175.0,3
184920,7.75489016629876,48.2264996357985,50.0,1
184915,10.099226664044295,48.415758773800746,175.0,2
184916,10.099226664044295,48.415758773800746,50.0,1
184911,12.05377,49.43816,175.0,2
184912,12.05377,49.43816,50.0,1
184905,10.19602,49.50991,175.0,2
184906,10.19602,49.50991,50.0,1
184901,11.47072,49.66416,175.0,3
184902,11.47072,49.66416,50.0,1
184897,8.72185,51.6836,175.0,2
184898,8.72185,51.6836,50.0,1
183704,6.37607572381035,49.5193860998093,50.0,1
183229,13.7876539621157,51.9489700854823,175.0,1
183351,13.7876539621157,51.9489700854823,50.0,1
183215,8.46357046702087,51.9700126371804,50.0,1
183042,9.9426391017638,52.1253594615464,150.0,1
183040,9.96260920381951,52.1417774624045,150.0,1
183038,10.1517379696853,51.8780344321316,150.0,1
183036,9.9571488455,52.8064979720809,150.0,1
182057,9.261639,49.044276,350.0,4
182053,10.725625,50.898384,350.0,4
182052,11.305148,51.450971,350.0,4
182051,7.430067,52.326149,350.0,4
182050,10.016764,49.945695,350.0,4
182049,10.019955,49.944184,350.0,4
182048,11.474745,49.312948,350.0,4
182046,8.621045,48.20593,350.0,4
182045,8.627155,48.206218,350.0,4
182044,7.936795,49.92578,350.0,4
182042,7.788855,48.309517,350.0,4
182041,7.791519,48.308819,350.0,4
182040,10.175605,48.583937,350.0,4
182039,10.178996,48.584287,350.0,4
182038,7.966201,51.695845,350.0,4
182037,11.469313,48.837085,350.0,4
182036,11.472234,48.836599,350.0,4
182029,9.639696,49.205379,350.0,4
182028,9.639273,49.207007,350.0,4
182025,11.609148,50.055972,350.0,4
182022,9.632807,48.605321,350.0,6
182016,13.579276,46.919943,350.0,4
182015,6.880212,50.068492,350.0,4
182014,6.880905,50.070186,350.0,4
182013,9.708473,50.488351,350.0,4
182012,10.783389,52.416656,350.0,4
182011,13.571959,51.060227,350.0,4
182010,9.303297,48.693667,350.0,4
182009,13.571071,51.063214,350.0,4
182008,13.333344,53.855673,350.0,4
182006,10.320397,53.692518,350.0,4
182005,10.324738,53.694396,350.0,4
182004,8.570788,49.162694,350.0,4
181997,9.93325,54.014217,350.0,4
181989,8.567226,49.16125,350.0,4
181820,8.570788,49.162694,350.0,6
181700,7.334521,50.647664,350.0,4
181698,12.3132,50.85675,350.0,4
181697,9.92914,54.092671,350.0,4
181696,12.307977,50.860662,350.0,4
180688,13.4961819646619,52.4995159466259,50.0,1
180261,11.6175380900781,48.153128168019,150.0,4
180244,8.62444844480376,49.6432555895347,175.0,4
186974,8.62444844480376,49.6432555895347,50.0,1
179700,11.9547927937676,51.1054287105434,50.0,1
178611,9.23323946461505,48.7784874060478,50.0,1
178534,8.96696088067511,48.92666675,50.0,1
177742,9.99276222471019,52.4593365525497,75.0,1
177743,9.99276222471019,52.4593365525497,50.0,1
175925,10.547171,53.374016,50.0,1
175636,7.2308446543334,50.7777511391209,50.0,1
175529,9.0045447183544,48.7977363123727,50.0,1
175521,12.8987150591316,47.757310223406,50.0,1
175518,12.3839936041508,47.8253643174548,50.0,1
175470,9.00636239601204,48.7970712413186,50.0,1
165489,11.570391,48.191479,50.0,1
161366,10.796056,52.431849,50.0,1
161364,10.796126,52.431583,50.0,1
161116,10.543789031877159,52.972319907842106,150.0,1
161112,10.566892019573961,52.963776502506455,150.0,1
161108,10.561572843377695,52.96742046313669,150.0,1
161104,10.589870226914154,52.97271582628369,150.0,1
161100,10.527905127647372,52.92679076804672,150.0,1
161096,10.602357621495807,52.95609792618997,150.0,1
159740,9.359711527191967,52.1049306530754,50.0,1
159735,9.37427262460631,52.101272982618944,50.0,1
159732,9.355447150262432,52.10756679152216,50.0,1
159729,9.359963497553263,52.10607320342045,50.0,1
159605,11.494990706884769,52.17391654079457,350.0,4
159598,9.99670498703313,52.1609536232325,175.0,2
184910,9.99670498703313,52.1609536232325,50.0,1
158922,9.83506002095441,52.4230327002279,50.0,1
158919,9.854639799999973,52.3574619,50.0,1
153436,6.9928444002793,51.4249659494313,50.0,1
187142,6.9928444002793,51.4249659494313,175.0,1
153075,12.963067,52.238371,50.0,1
153072,12.97991,52.23565,50.0,1
152536,9.832312004551,52.419187056210845,50.0,1
152376,6.693570565081814,50.88008433791986,50.0,1
152373,8.286174599999981,51.3553083,50.0,1
152286,12.804933429113817,52.922316638725874,50.0,1
152283,8.774277600000005,53.0764504,50.0,1
152280,9.59076540000001,53.5045483,50.0,1
152277,9.856434900000068,52.474403,50.0,1
152227,13.467129592590368,52.434657606409175,50.0,1
152224,10.008704599999987,53.5528644,50.0,1
152134,10.399705210630486,53.61537830780756,50.0,1
152103,9.97276914804854,51.731858932558,50.0,1
152100,9.26665893729546,48.81344442215614,50.0,1
152097,8.499718542327855,49.90899904538604,50.0,1
152094,7.469805294967614,51.52926876324182,50.0,1
152091,10.094471636523394,53.51072292845076,50.0,2
151698,9.33382410819831,54.7781666290703,50.0,1
151510,9.971574600524946,52.38700805038505,50.0,1
151395,11.00919375060505,54.36430737879306,50.0,1
151392,8.288710820376537,49.15620131829962,50.0,1
151389,11.6017506751465,49.9577236853156,50.0,1
151222,9.95645890000003,53.54727980000001,50.0,1
151219,9.976787987766329,53.55244036985455,50.0,1
151216,9.760384622055426,47.91921093864169,50.0,1
151213,7.893041084655806,53.287717309359955,50.0,1
151210,7.456775783992043,53.31154643832222,50.0,1
151020,13.725137112932202,51.634783516676244,50.0,1
150937,7.104804324606334,49.281840091713136,50.0,1
150934,8.044125838623017,49.20881890812591,50.0,1
150873,8.991993474066135,48.68345620324409,50.0,1
150870,7.370211171827691,49.1874626402751,50.0,1
150763,8.891680468786603,53.04888588728112,50.0,1
150760,7.406579736315166,51.113709223776176,50.0,1
150667,6.662405396820077,53.58491631780527,50.0,1
150664,8.180760374591046,49.537260441432245,50.0,1
150636,7.017684024536948,51.054288877394086,50.0,1
150600,8.83988638531946,47.75592977034161,50.0,1
150548,9.219100000000026,48.87970000000001,50.0,1
150545,11.765210980426,48.4521254939228,50.0,1
150542,10.012569705249007,53.544534445632365,50.0,1
150474,8.59024743652344,49.4533943143133,50.0,1
150077,6.212156984885269,51.32812615464992,50.0,1
149989,10.287191446157294,53.93914692221477,50.0,1
149982,9.132171049737508,54.28345437091825,50.0,1
149727,12.10072463763754,49.01235048188837,50.0,1
149724,6.962911168053438,49.240773546061696,50.0,1
149598,10.19460814669651,53.57673049327784,50.0,1
149594,9.186937383992017,51.40259987972461,50.0,4
149591,10.532019568122905,52.163814893224206,50.0,1
149423,11.049755329430354,50.97279588244435,50.0,1
149420,11.049709731877101,50.97275180065189,50.0,1
149355,8.104448899999966,51.5598696,50.0,1
149252,10.729797814421772,50.814603918409794,50.0,1
149249,8.093885900524924,53.57432933547002,50.0,1
149224,8.09273886375422,50.3799358061309,175.0,2
184909,8.09273886375422,50.3799358061309,50.0,1
148642,11.1820678,54.4424765,50.0,1
148638,9.221123104507456,50.00736300107203,50.0,1
148607,10.6805415138074,47.5680010986211,50.0,1
148601,6.657683812303162,49.76318320165757,50.0,1
148447,8.012906321915011,51.945220394806505,50.0,1
148426,10.018297523803767,53.6021070886256,50.0,1
148423,10.294204269311535,47.648580063736986,50.0,1
148420,8.841367557672129,50.12456300372602,50.0,1
148417,6.1279326179992495,50.781199741155525,50.0,1
148414,10.569119474868785,53.07157495505363,50.0,1
148311,14.28885,51.71768,50.0,1
148305,13.235879,51.586593,50.0,1
148302,13.2287102918599,51.6930319275223,50.0,1
148226,9.018594201226279,53.06001819071151,50.0,1
148223,8.70638989999998,53.18521,50.0,1
148220,13.091401,53.361172,50.0,1
148217,12.1922000141531,54.0814956879679,50.0,1
148143,7.910226122085305,50.9127980223862,50.0,1
259733,7.910226122085305,50.9127980223862,320.0,2
259735,7.910226122085305,50.9127980223862,160.0,1
148098,10.26602111586908,47.42589851637493,50.0,1
148095,11.5580869023403,48.2580287227622,50.0,1
148092,6.74490257039588,51.63547844509176,50.0,1
147692,10.908846799999992,53.5457292,50.0,1
147689,7.0159238,51.0245556,50.0,1
147686,7.5699250281722925,49.41389590607732,50.0,1
147683,7.399216567568374,49.540536630169235,50.0,1
147606,12.369890072491444,51.28294170769979,50.0,1
147602,7.498204247746344,51.5041416749756,50.0,2
147599,12.3670014111028,47.8137942698095,175.0,4
175532,12.3670014111028,47.8137942698095,50.0,1
147596,13.228822017474386,51.69300948338523,50.0,1
147593,10.257885042991575,53.68348881035156,50.0,1
147590,13.178933000000029,52.54891480000001,50.0,1
147587,8.726267679762259,52.847214108265625,50.0,1
147292,7.206272386518776,50.83926908527021,50.0,1
147289,6.4671749269288625,51.20987311769622,50.0,1
147286,11.824714083328217,51.14315995035943,50.0,1
147283,12.99802522222899,52.53336978928615,50.0,1
147169,7.508094552392549,50.34685494384446,50.0,1
147040,9.68886150000003,54.30779649999999,50.0,1
147037,6.951812514155563,51.25215940879459,50.0,1
147035,11.620928668786632,48.209254693293474,50.0,1
147033,11.620928668786632,48.209254693293474,50.0,1
146891,10.13095665109654,52.01009158809868,50.0,1
146886,10.068968239750689,52.65314025630279,50.0,1
146883,6.349745027122481,51.52325119242941,50.0,1
146880,10.223787399999992,53.3505122,50.0,1
146877,8.125780420762567,49.27936195888457,50.0,1
146859,8.250090318524144,51.3545439958657,50.0,1
146856,8.931473865220937,48.760612250655264,50.0,1
146853,8.73181784285282,50.379557216468854,50.0,1
146850,6.968516195037068,50.98080284491646,50.0,2
146806,8.379568601713572,49.97467614492784,50.0,1
146779,10.512913520098891,52.243887214517564,50.0,1
146776,6.79376014708248,51.221103070326066,50.0,1
146773,7.833925336124253,47.98589791341801,50.0,1
146770,9.890217395037098,52.19500937470888,50.0,1
146767,9.784599149448468,52.160357373696826,50.0,1
146764,10.22722035504762,52.189571782242375,50.0,1
146761,9.965860243408201,52.20726510439602,50.0,1
146758,10.105355382556127,52.18246186767302,50.0,1
145951,10.593927843018605,54.292898131576045,50.0,1
145874,10.159960432540856,52.08552005006174,50.0,1
145870,13.235802746032732,51.58655510917858,50.0,1
145867,8.198126461901893,49.08137449050205,50.0,1
145799,7.22391177307418,50.4414381650992,350.0,6
145797,10.742067298147617,51.287697994973826,50.0,1
145793,9.694701645230111,52.340374651017896,50.0,1
145790,8.817409999999995,52.21465,50.0,1
145787,9.495908699999973,53.9597096,50.0,1
144267,8.891882266270386,53.034117062899064,50.0,2
144204,8.72062206878661,52.12483330263575,50.0,1
144201,7.020841080950959,49.20553694530294,50.0,1
144198,8.23400738224791,48.86093222060901,50.0,1
144195,8.23400738224791,48.86093222060901,50.0,1
144153,8.175151500629,49.49256950299351,50.0,1
143892,8.80609488134724,53.028258857237,50.0,1
143863,11.9572985172272,51.1054890459838,50.0,1
143792,8.147005000000036,48.6957759,50.0,1
143789,9.596359133720398,52.852683211381766,50.0,1
143786,12.164220611114501,54.11115829991291,50.0,1
143681,11.755243440475397,47.751918068471575,50.0,1
143677,13.274593526458716,52.51930803384439,50.0,1
143674,6.952649082209064,51.473032549519075,50.0,1
202645,13.408450000000016,52.3877,50.0,1
143629,8.750224395071768,50.3185380586023,50.0,1
143565,7.463753497028392,49.55044358150144,50.0,1
143536,10.128128632926973,48.58968310828895,50.0,1
143508,8.19673544662703,49.08094017118104,50.0,1
143457,8.611113746800584,49.94719154855198,50.0,1
143454,8.079910355260154,50.398483149422155,50.0,1
143409,9.07603029364054,53.2224703685072,50.0,1
143406,8.621714115142822,53.5254239217994,50.0,1
143271,9.03367459774017,53.0166582558805,50.0,1
143242,7.225574546712778,50.440546620289396,150.0,6
143221,8.70220015515588,50.0339023886399,50.0,1
143114,9.09025239021298,51.94144631228,50.0,1
143111,8.37234425529482,49.38945415175397,50.0,1
143108,10.420078088885475,51.91264525630824,50.0,1
143105,9.464587561477515,52.5150970841294,50.0,1
143093,14.969772532926982,51.17000408133443,50.0,1
143017,7.999505529113776,49.83431731602806,50.0,1
142927,8.739904203670108,53.13646018713129,50.0,1
142877,13.282175870361357,52.415898586980255,50.0,1
142875,10.575275586508155,52.96733588466308,50.0,1
142873,11.026067075480455,49.592841721587895,50.0,1
142827,9.98565935700833,48.40498305584752,50.0,1
142824,9.997368300000062,48.3989895154347,50.0,1
142821,9.473103429164098,50.79313282800455,50.0,1
142818,6.8886044999999285,51.0872125,50.0,1
142815,11.6196884358292,52.132258402388,50.0,1
142812,11.724168423278797,51.80926950204498,50.0,1
142809,8.196564196433997,52.10278780501714,50.0,1
142806,7.491757600000028,53.4961435,350.0,1
142799,10.539076181545283,52.15880827659086,50.0,1
142334,6.641670799999929,50.9535539,50.0,1
142331,7.05120323439337,50.94216174116258,50.0,1
142328,8.60881052211971,49.9024005885162,50.0,1
142325,9.298672161376999,49.15006639999999,50.0,1
142322,8.218592700000045,47.6245296,50.0,1
142319,8.52534443809816,48.029848999359665,50.0,1
142316,9.150099757672137,48.73106980402809,50.0,1
142313,10.094855499999994,48.8335691,50.0,1
142310,6.8408259693114815,49.24390386760089,50.0,1
142282,9.0673076380981,48.51432370010986,50.0,1
142273,9.96968434735049,52.2526937855514,50.0,1
142203,10.8445554821396,51.3645442301499,50.0,1
142200,7.6736651801483,47.6258763791679,50.0,1
142197,8.928799420623818,50.12222648839812,50.0,1
142194,7.249106971766082,51.26561153401874,50.0,1
142191,7.177209620901522,51.77163944200409,50.0,1
142122,9.604388420237683,47.76787318672581,50.0,1
142119,7.207270035581928,51.609334635673605,50.0,1
142116,6.940577762972225,50.92098103248188,50.0,1
142113,8.532127248548932,51.93003871540247,50.0,1
142033,8.551942241086635,49.64288081983714,50.0,1
142000,7.293068042327832,50.939691306527976,50.0,1
141908,9.01761766560662,48.7052428638171,50.0,1
141905,7.175027503041065,51.77227650132919,50.0,1
141901,11.494111224536937,51.5755771251713,50.0,1
141894,12.75389173785095,52.13267244687162,50.0,1
141891,12.75389173785095,52.13267244687162,50.0,1
141888,12.750909121426389,52.13260658945799,50.0,1
141764,8.85915148584445,47.75385589795169,50.0,1
141760,9.246142684224651,51.38225865615804,50.0,1
141744,8.208395099999962,48.7826934,50.0,1
141741,8.828959846032717,47.76181087339931,50.0,1
141657,10.14564,53.60368,50.0,1
141631,7.606248499999992,49.5835927,50.0,1
141628,9.029036050694,48.7066566766462,50.0,1
141625,9.212218992497014,49.230526807058105,50.0,1
141536,7.925248423309313,48.47003109998171,50.0,1
141533,8.134013975393714,49.265269966319664,50.0,1
141530,9.266274773541227,48.94308449253143,50.0,1
141498,7.3289638999999625,51.4392252,50.0,1
141495,9.991207323313574,48.29986343128855,50.0,1
141443,7.156170299999985,50.8130669,50.0,1
141407,10.69628593334345,53.917738756234904,50.0,1
141379,8.20715881957402,49.5061870474444,50.0,1
141376,6.710682499999962,51.19885439999999,50.0,1
141373,7.56891597672121,49.4084223704449,50.0,1
141370,7.568915976721211,49.40842237044491,50.0,1
141367,9.228471781614637,48.84002557614795,50.0,1
141296,7.5908037354431634,49.656150132127756,50.0,1
141293,6.231547789024394,50.76409139011321,50.0,1
141180,9.165279300000066,49.9682639,50.0,1
141177,7.9471819650817865,48.481477023480515,50.0,1
141174,12.404863599999999,51.3373494,50.0,1
141171,9.27897895396724,48.54087782330395,50.0,1
141168,7.05015975662227,51.3359678626768,50.0,1
141123,10.919169326458684,50.683676678601245,50.0,1
141120,8.668360500000063,48.8862487,50.0,1
141007,10.68268880000005,47.609334,50.0,1
141005,8.576944779826361,49.81247921981634,50.0,1
140730,8.529155589657638,51.927844576789035,50.0,1
140727,7.791596000000027,49.4542102,50.0,1
140678,13.271841300000006,52.2929311,50.0,1
140649,9.702798338623099,49.10454190415202,50.0,1
140646,8.692337714788883,50.35671737382303,50.0,1
140643,10.709960000000024,50.94768999999999,50.0,1
140640,8.35613699999999,49.443289,50.0,1
140563,8.16949244445801,52.6576719254544,50.0,1
140134,12.073346921426381,50.88103357004802,50.0,1
140131,6.92879224655758,51.5224580932806,50.0,1
140114,7.673081756926308,51.5699300401308,50.0,1
261374,7.673081756926308,51.5699300401308,320.0,1
261375,7.673081756926308,51.5699300401308,160.0,1
139092,7.5685552410003565,51.288155643113726,50.0,1
139089,10.731877257672062,52.42360869500424,50.0,1
139086,9.938112100000012,51.5310914,50.0,1
138257,10.729387695770232,50.8910378122164,50.0,2
138169,10.933118047360248,51.113173142893196,50.0,1
138161,8.892592499999978,53.0594958,50.0,1
138120,7.754861921643057,53.263154819585274,50.0,1
138117,9.733926147885077,48.37567883424102,50.0,1
138114,7.80868004550782,48.3538565786155,50.0,1
138069,11.884724350262447,50.96604739566294,50.0,1
138066,6.9672050375732,49.2076176996655,50.0,1
138012,8.907641627908323,50.05652404137727,50.0,1
138004,10.10178,53.59762,50.0,1
137979,9.096515700000054,49.2358916,50.0,1
137974,9.86692,53.53603,50.0,1
137973,9.97597,53.5565,50.0,1
137972,9.90673,53.56562,50.0,1
137971,9.98108,53.54601,50.0,1
137962,9.760729999999967,53.71579999999999,50.0,1
137959,8.69551002872778,50.3566963088156,50.0,1
137956,8.55408800829853,49.6442841855991,50.0,1
203894,8.55408800829853,49.6442841855991,150.0,2
137953,7.199922246496611,52.52835858611052,50.0,1
137950,7.19644073919528,52.52799926843347,50.0,1
137885,7.478245288885552,51.40678923093405,60.0,4
137836,12.336532450440814,51.337103869182414,50.0,1
137833,8.843808921461113,48.95210953969438,50.0,1
137300,7.310819146557592,49.34656906910285,50.0,1
137297,10.793374099999937,51.5031817,50.0,1
137293,8.280288199999973,49.09463,50.0,1
137290,6.956079999999929,51.32456,50.0,1
137287,11.69187009999996,51.8970244,50.0,1
137284,8.984879192590354,51.49872359701453,50.0,1
137281,8.75548487199671,50.520739798262,50.0,1
137278,8.177102200000036,49.5602736,50.0,2
137166,9.8655489075885,52.3331536147071,50.0,1
136606,10.00639,53.63262,50.0,2
177739,8.428308804735252,48.99948634358881,135.0,2
136530,9.19592180343886,48.6918629464933,150.0,4
136517,9.070870000000014,49.99513,175.0,4
136514,13.531110000000012,48.71649,50.0,1
136511,9.192048282090912,48.69059587985461,100.0,1
136508,12.710145223717983,54.358986217754705,50.0,1
136505,9.150716276721127,52.456146846297074,50.0,1
136502,10.9581121357091,54.1510046361039,50.0,1
136499,10.9616968186724,54.145505184188,50.0,1
136496,10.9811562720844,54.3745261148688,50.0,1
136493,7.245257823594655,51.26577362206756,50.0,1
136431,9.90582,53.60788,50.0,1
136410,6.966144600000007,49.2096822,50.0,1
136407,8.133479999999963,51.54745,50.0,1
136404,8.13294064103502,51.548275882266275,50.0,1
136401,11.02487999999994,52.23199,50.0,1
136398,6.08795269999996,50.7676682,50.0,1
136395,13.98848369999996,53.50339779999999,50.0,1
136392,10.095035199999984,53.5875914,50.0,1
136389,8.259900900000048,50.2058092,50.0,1
136319,8.116946677246126,52.59792156988999,50.0,1
136316,8.365751400000022,47.66076,50.0,1
136300,8.98684675330355,51.499071642857544,50.0,1
136216,7.199607287067793,51.569916261598145,50.0,3
136213,8.91542095169827,49.13753969131344,50.0,1
136210,9.17618046511641,48.8919696034313,50.0,1
135997,9.47563429748378,53.604751079873076,50.0,1
135994,7.673840176582294,51.38392966963365,50.0,1
135991,6.090648061832447,50.78108878487151,50.0,1
135988,9.724120076057492,53.58395814310244,50.0,1
135985,8.295641358197017,50.68830373241196,50.0,1
135982,9.532052631738223,53.29973399994611,50.0,1
135979,9.534906502130069,53.29954164364805,50.0,1
135877,10.0236,53.55314,50.0,1
135812,9.043400566270403,54.47595290589311,50.0,1
135793,13.72050200000001,51.0003643,50.0,1
135790,8.36753425714722,49.228605140671405,50.0,1
135766,6.649014554492165,51.170549534746385,50.0,1
135763,10.46410898147589,51.21063148051647,50.0,1
135760,10.448759539147877,51.20943506885524,50.0,1
135643,7.945475513305622,50.87758220886618,50.0,1
135592,11.337377833018522,49.045645436141484,50.0,1
135554,10.9938024815064,50.9733524328445,50.0,1
135503,10.634982680425992,52.3121771351145,50.0,1
135500,7.484596183258869,53.46738321584284,50.0,1
135497,9.223352200000022,49.1251082,50.0,1
152069,8.121429,48.696636,50.0,1
135388,12.002030728836086,51.47847701603128,50.0,1
135385,6.746753977865652,51.636977773921856,50.0,1
135371,10.980804385041765,50.28709863720602,175.0,1
135368,8.277049049529305,49.2449087560747,50.0,1
135365,9.73638942556159,53.36698954794649,50.0,1
135195,10.861052476196278,54.088643216885586,50.0,1
135192,10.812936086508236,54.10891860287675,50.0,1
135114,12.451047000000017,50.8361375,50.0,1
135048,9.977927562149022,53.47985946072895,50.0,1
135027,9.86384355921143,52.3380603964811,50.0,1
134997,8.36143768042596,49.846083858304446,50.0,1
134951,11.729204,47.89366,50.0,1
134811,9.98539,53.50427,50.0,1
134809,9.98787,53.44883,50.0,1
134689,9.505496865472404,53.29355880101297,50.0,1
160967,12.064113799999973,48.9805523,50.0,1
134675,10.643388400000049,51.1083955,50.0,1
134650,7.6063568601189235,47.62586638408198,50.0,1
134001,11.675838824723108,47.99729727894746,50.0,1
133947,10.498011072491392,53.512545892476815,50.0,1
133883,8.385839467059322,52.19622572214832,50.0,1
133880,8.387808208476253,52.19720810652883,50.0,1
133877,9.482758714294519,47.664141531357586,50.0,1
133874,7.780510658691342,48.2764574438524,50.0,1
133871,8.3698432,51.8649119,50.0,1
258517,8.3698432,51.8649119,135.0,1
133758,10.10361,53.70364,50.0,1
133726,9.98859,53.5677,50.0,1
133157,8.501662322171004,53.05440446528542,50.0,1
133154,8.501458474285872,53.055774026267244,50.0,1
133151,7.765837108303786,49.96326437883417,50.0,1
133142,8.220142445368994,53.04490698745283,50.0,1
133139,8.221209964556921,53.04184277903777,50.0,1
133136,8.641462988221734,49.096264973317,50.0,1
133099,10.01367,53.54833,50.0,1
133098,10.03116,53.57045,50.0,1
133005,10.501927664032,48.035660873196484,50.0,1
133002,9.017392017652138,48.78530953064267,50.0,1
132999,8.363517140739422,50.62037522442021,50.0,1
132994,8.54346794652406,49.89295054161715,50.0,1
132991,11.055441960662828,52.221276687801385,50.0,1
132988,11.68765694089199,49.423501128832775,50.0,1
132985,8.577850287527422,49.810613268280385,50.0,1
132982,8.073250964384444,51.790979539952346,50.0,1
132979,10.193394746032691,53.577262568598485,50.0,1
132972,9.97471,53.54926,50.0,1
132941,11.087687813491813,53.50073446143119,80.0,1
132906,11.0797011852264,52.2148875052733,50.0,1
132876,10.026684604349144,53.48379100516042,50.0,1
132828,6.640955099999928,51.2110547,50.0,2
132825,10.0791975509262,53.581295195397,50.0,1
132785,8.99448469521485,50.2507538863224,50.0,1
132697,11.688740553334007,49.424931743116716,50.0,1
132675,10.809880798699965,53.51903087869951,50.0,1
132672,8.112303310087551,52.54038428757372,50.0,1
132669,8.115505867651333,52.539228804895096,50.0,1
132594,9.98449588095092,53.5565061746296,50.0,1
132591,9.707802858067671,53.74168569086252,50.0,1
132588,6.44808349999994,51.1579901,50.0,1
132585,9.23967156196897,51.3811885755269,50.0,1
132582,13.440030200000024,52.4799491,50.0,1
132579,13.4492299999999,52.52742,50.0,1
132364,9.140397500000063,48.9410748,50.0,1
132361,9.876295831555124,51.49481922154046,50.0,1
132358,9.893767410768074,52.96123182013337,50.0,1
132196,12.592020103179959,50.681375948956116,50.0,1
132193,8.151992869311488,49.26984816395739,50.0,1
132190,9.489906012719741,51.03615502713109,50.0,1
132120,7.013532915344274,51.45234684753288,50.0,1
132117,9.35777031639406,50.75978560949925,50.0,1
132114,9.32877807675175,54.8034067645974,50.0,1
132111,7.0427586904906825,52.31251287391016,50.0,1
132108,7.318319729083229,50.951844067377806,50.0,1
132105,7.3203582079345475,50.95153315782412,50.0,1
132102,9.995520587280215,52.38865161387064,50.0,1
132099,9.99837445767206,52.38692295265403,50.0,1
132096,9.98395089873441,53.1093636833941,50.0,1
132093,10.0500557684742,52.1284572115109,50.0,1
132090,10.051128652080127,52.12636895735055,50.0,1
132038,8.993782,50.248582,50.0,1
132035,7.93509,50.88029,50.0,1
132026,9.95666,53.55703,50.0,1
131909,9.97615,53.5968,50.0,1
131885,9.56205144337765,48.7142684279272,50.0,1
131862,7.510211036465062,50.26619449079444,50.0,1
131859,9.22163270328474,52.22382614319389,50.0,1
131856,9.232983811835766,52.22695442562745,50.0,1
131844,7.553551904893547,50.21216443864517,50.0,1
131841,9.438333803843646,48.70260080514172,50.0,1
131682,7.478790146296661,50.58173247171642,50.0,1
131674,11.3895558001042,50.9366403445566,50.0,1
131671,10.0430276349182,53.33073760022917,50.0,1
131496,6.90414942750851,51.6586855463406,50.0,1
131493,10.231150999999954,53.5216927,50.0,1
131476,12.200078527877869,47.61263226208006,50.0,1
131473,12.202374498794617,47.61134481978948,50.0,1
131470,12.9027751459716,47.7665958168484,50.0,1
131464,13.739864181614626,51.06488264874952,50.0,1
131461,10.02550948301994,53.48482128477543,50.0,1
131458,11.425589999938891,51.43262475984579,50.0,1
131455,11.425654372955249,51.43539380866981,50.0,1
131426,9.96318,53.55715,50.0,1
131415,9.97562,53.58077,50.0,1
131405,9.96691,53.55984,50.0,1
131403,10.00215,53.59282,50.0,1
131401,9.929125,53.629264,50.0,1
131399,9.95122,53.61896,50.0,1
131166,10.756848095400988,54.06822184150992,50.0,1
131002,12.402626950584361,47.83401929438142,50.0,1
130997,10.7554318890411,54.0707401299937,50.0,1
130977,8.608925620711156,49.94635720328807,50.0,1
130975,11.1954746315827,50.9499215038196,50.0,1
130971,8.370593945762609,51.866386153522534,50.0,1
130893,11.60816001468357,48.3375527040377,50.0,4
130739,12.173445457516445,49.83682635997024,50.0,1
130736,12.171964878140225,49.839815595791,50.0,1
130690,6.340707931041836,50.93157653579905,50.0,1
130687,11.755141239679222,52.996426954539906,50.0,1
130677,8.196840116199944,52.52168805849793,50.0,1
130631,12.895356300000003,50.7837153,50.0,1
130035,13.406640000000039,52.53664,50.0,1
130011,12.128514799999948,50.4342029,50.0,1
130008,12.184700443377663,50.465916423395846,50.0,1
130005,12.76505229999998,50.8211484,50.0,1
130002,13.2373176767212,51.0905849256215,50.0,1
129999,9.67231151957399,54.363332470035424,50.0,1
129971,9.67383140000004,54.36435359999999,50.0,1
129968,8.352958100000023,50.09527010000001,50.0,1
129965,8.35304959154052,50.0972841615911,50.0,1
129962,8.077215499999966,50.3944104,50.0,1
129959,7.851770200000033,50.4478433,50.0,1
129955,6.891602060313384,51.32582836624508,50.0,1
129952,11.588260274794052,48.555928732398016,50.0,1
129949,10.2828920051102,47.8474146208806,50.0,1
129946,10.2808267041687,47.8482422772839,50.0,1
129943,11.6105418162888,48.3362435088199,50.0,1
129941,10.03833,53.56062,50.0,1
129912,6.881235110003661,50.06967112455598,50.0,1
129909,6.87973307295532,50.069064604193,50.0,1
129906,11.80832174081421,50.87570430778434,50.0,1
129903,11.196998126303134,50.94808297585378,50.0,1
129853,7.1528414831756315,50.89774876524806,50.0,1
129850,14.329910768670628,51.20010950227586,50.0,1
129847,14.330661787194797,51.19809903099032,50.0,1
129844,10.35004556146542,50.421488999602786,50.0,1
129818,7.37444549363705,49.373225632813,50.0,1
129815,10.35003483262936,50.4214960061699,50.0,1
129812,12.469173984706114,53.115204165593795,50.0,1
129809,9.56558915875246,52.4211610066081,50.0,1
129795,7.22679576893916,51.157860483525084,50.0,1
129792,7.23079762478938,51.15827733567419,50.0,1
129789,9.554409711578383,52.42230569100095,50.0,1
129723,10.05361,53.56909,50.0,1
129435,6.9619562887161335,51.157855222537805,50.0,1
129432,6.964096691510018,51.157653019390125,50.0,1
129429,10.354684902905316,52.34045953738798,50.0,1
129426,10.359947396992535,52.338414009501804,50.0,1
129423,9.75910189912792,53.718486113612656,50.0,1
129420,8.108418757970858,50.001838448841895,50.0,1
129396,9.90582,53.60788,50.0,1
129394,9.95625,53.55182,50.0,1
129302,12.093507809089704,48.96004030003683,50.0,1
129286,7.152242170642111,50.89940551574565,50.0,1
129254,8.907759645104978,50.05489838649201,50.0,1
129218,9.18121218681335,52.9986438193843,50.0,1
129164,8.799238970569622,53.22398137512168,50.0,1
129161,12.466736074382778,53.11530566445944,50.0,1
128932,9.99697,53.54865,50.0,1
128527,11.626219022753958,53.38094205568581,50.0,1
128358,13.463289157672076,52.56236424786202,50.0,1
128302,10.08678,53.66038,50.0,1
128280,9.98329,53.55137,50.0,1
128227,13.570818787582425,51.06305006106083,50.0,1
128224,13.572363739975003,51.06036639028251,50.0,1
128160,8.587247083189368,50.05511117957844,50.0,1
128161,8.587247083189368,50.05511117957844,320.0,2
188245,8.587247083189368,50.05511117957844,160.0,2
127765,9.661609297937046,50.713861680063125,50.0,1
127746,13.519504293392961,52.42765483832883,400.0,2
127738,10.952381902407863,48.406379912902906,50.0,1
127575,8.785570000000007,47.86118,50.0,2
127572,10.194410711701964,48.9848965193713,50.0,2
127569,10.195645779568183,48.984022151143606,50.0,2
127566,8.854935999999952,47.7539702,50.0,1
127563,11.203197600000067,49.35652520000001,50.0,1
127560,9.733341699999983,50.4183032,50.0,1
127557,10.479711819765955,53.81889015310895,50.0,1
127536,7.264720000000011,52.36357,50.0,4
129271,9.5306203,50.3884946,50.0,1
126384,9.928138714294382,51.5367233142414,50.0,1
126313,9.485511604824053,51.086857624847845,50.0,1
126309,9.07112410000002,49.9945698,50.0,4
126216,6.844681735533298,51.510901954860046,50.0,2
126191,9.937861014577507,53.71681618735902,50.0,1
126171,13.2936181770035,52.577360245958324,50.0,1
125812,9.395778836631745,53.11150562358262,50.0,1
125789,13.414785212303165,48.57450129790876,50.0,1
125742,9.16810090000001,49.2388515,50.0,1
125738,11.628321874621633,53.380391681061575,50.0,1
125713,9.801810146973366,53.36971191258827,50.0,1
125710,10.160843955541944,54.27749034145214,50.0,1
125680,13.754127,51.043761,50.0,2
125649,9.495175191297562,51.313361443950754,50.0,2
125598,12.70517051761113,51.26081362291934,50.0,1
125444,8.839235712966897,50.08452611985498,150.0,1
125410,9.145511099206828,53.489187129290514,50.0,1
125332,11.625350900000058,48.2498886,50.0,1
125330,8.215655100000049,52.81139390000001,50.0,1
125327,9.898159999999962,53.37869999999999,50.0,1
125324,10.16717600000004,48.0021829,50.0,1
124804,9.93979220506823,53.71704475341232,50.0,1
124755,7.809230250891472,48.57922241366053,50.0,1
124679,11.968309646696511,51.373250424460224,50.0,1
124239,9.960533377820973,49.75563846469539,50.0,1
124228,11.304834747699157,51.45070842794549,50.0,4
124225,8.591061546010573,49.745585869227284,50.0,1
124070,12.30807524702151,50.86090284507938,50.0,1
124067,12.31307488462527,50.85652786501581,50.0,1
124024,9.930091812870051,54.092821800940975,50.0,1
124021,9.933197810909297,54.01394964077492,50.0,1
123958,6.777666933177198,50.928309166514474,50.0,1
123955,12.70830447243882,51.261970682790995,50.0,1
123848,7.242534477246063,53.067074464652976,50.0,1
123845,9.963155684222436,49.750813887975134,50.0,1
123731,9.95339593187714,53.5778557949355,50.0,1
123614,10.16744,53.64878,50.0,1
122529,10.355861651271065,49.241023560939055,50.0,1
122516,12.184258138553576,49.8045440335167,50.0,1
122393,10.58720101037296,50.91264792318772,50.0,1
122390,12.940750558216898,50.89364638561478,50.0,1
233974,10.897319803179943,54.2176259986737,50.0,1
138218,10.0741805210464,53.5747896243056,50.0,1
137851,9.99007523059845,53.5728148925993,50.0,1
122144,7.4743499999999585,51.5361,50.0,1
122113,10.020664171545816,49.94430581258126,50.0,1
122110,9.93793000000005,53.55238,50.0,1
122087,9.26117580000005,49.0577691,50.0,1
122074,8.172678700000006,53.1610167,50.0,1
121745,9.99047919999998,53.5610921,50.0,1
121730,10.461614666795409,53.2389541375088,50.0,1
121727,11.608654154739364,50.05641056780916,50.0,1
121421,9.972571181614747,53.600432706433665,50.0,1
120813,9.91857170000003,53.5654701,50.0,1
120622,9.99439240489346,53.5705008736687,50.0,1
120619,10.982956086508246,50.28660038986478,50.0,1
120616,9.505235800000044,53.29290485329008,50.0,1
120572,9.305806699999948,48.8260478,50.0,1
120569,10.237054400000034,50.0280474,50.0,1
120566,9.863225698147517,53.6304916272605,50.0,1
120506,7.22000533205573,50.809392269527,50.0,1
120389,12.71235999999999,53.69706,50.0,1
120386,12.550220570144672,48.27272727616181,50.0,1
120334,10.1261584228233,53.5840699406389,50.0,1
120272,10.112181762426768,48.124821062376164,50.0,2
120268,10.215469999999982,54.04336,50.0,1
120265,10.215469999999982,54.04336,50.0,1
119948,9.98152099999993,53.459179,50.0,1
119945,10.0357044,53.574431,50.0,1
119860,8.663494576721176,48.3434696702907,50.0,1
119818,13.272969999999987,52.5000201,50.0,1
119751,9.428363200000035,51.2282447,50.0,1
119747,11.47476180000001,49.3138471,50.0,1
119726,10.540596164994994,50.398905420614966,50.0,1
119700,9.933879767441782,49.78905814346714,50.0,1
118335,10.802397354966713,53.521983837811746,50.0,1
118235,11.721940000000018,52.06445,50.0,1
116193,10.35300241646119,49.24220505216555,50.0,1
116190,10.968267770083697,49.30812351769982,50.0,1
116187,10.96919044998482,49.30630475720537,50.0,1
116031,11.808659699150086,50.87716642426195,50.0,1
115049,10.911385924389622,48.41264510525172,50.0,1
115046,10.21289760901495,49.48565730938599,50.0,1
113892,10.40451002698366,53.22440828317481,50.0,1
113890,10.457829199999992,53.2398683,50.0,1
112413,10.7985057754631,51.4864751671843,50.0,1
112395,8.258170000000064,53.11908,50.0,1
112052,7.4333781585301,50.5991256967831,50.0,1
111498,9.545593499999995,54.4768683,50.0,4
111368,10.722488633590727,53.927106338766436,50.0,1
111365,7.499118412438981,51.41144962625072,50.0,1
110833,8.90392663661497,48.615104010898676,50.0,2
110830,8.906823422351055,48.615697513044175,50.0,2
110827,8.621242144522077,48.20576463512486,50.0,2
110824,8.627293208059674,48.2062794550634,50.0,2
110821,9.72971561204225,49.62192228113008,50.0,2
110818,7.958970774221825,48.56260626346815,50.0,2
110815,7.955988157797265,48.5630567792274,50.0,2
110807,7.603297137434426,47.59872692853449,50.0,2
110804,7.87333109382813,51.630314056176,50.0,1
110747,7.228397508468891,51.15789223663526,50.0,1
110710,6.214502835313729,50.81765122156517,50.0,1
110707,6.21565883538791,50.8170074298503,50.0,1
110687,9.867063438814974,53.62910223550803,50.0,1
110566,12.0704077,49.0110195,60.0,1
110548,8.285020000000031,49.50968,50.0,1
110544,8.357132699999966,49.6307856,50.0,2
110541,9.413060570711881,49.32563920123753,50.0,2
110538,9.414538986448195,49.32326874324381,50.0,2
110535,9.033467698582527,48.74150046074869,50.0,2
110532,9.26604999999995,49.04481000000001,50.0,2
110529,9.72856125733439,49.627915484772075,50.0,2
110526,10.109053639672862,48.12602191548987,50.0,2
110523,8.877442900000005,49.2421252,50.0,2
110520,9.640771900000004,49.2060487,50.0,2
110517,9.640675999999985,49.2059272,50.0,2
110514,8.575869724862969,49.316951895568224,50.0,1
203874,8.575869724862969,49.316951895568224,150.0,2
110511,8.568603400000029,49.3213309,50.0,2
110508,7.79146864685993,48.3091178753636,50.0,2
110505,7.78884516173412,48.309717945734,50.0,2
110502,8.56701863431294,49.1609407854694,50.0,1
203880,8.56701863431294,49.1609407854694,150.0,2
110499,8.571,49.163,50.0,2
109214,10.177711216430673,48.5831913931258,50.0,2
109211,10.176874367218026,48.5849089510121,50.0,2
109185,8.63224158856359,49.35096603413996,50.0,1
233509,8.63224158856359,49.35096603413996,150.0,1
233510,8.63224158856359,49.35096603413996,75.0,1
109181,8.990093644180313,50.64555782462652,50.0,4
109167,9.00702943565137,50.1825756760118,50.0,1
109150,8.773717683596374,48.908051936640504,50.0,1
203872,8.773717683596374,48.908051936640504,150.0,2
109147,8.131565938384266,48.75348676193629,50.0,2
109140,13.1708861891632,48.60772659741091,50.0,1
109120,11.818376575690554,51.65535596802484,50.0,1
109117,11.82160327313535,51.656692403164605,50.0,1
109110,13.273994724575813,51.08270514085619,50.0,4
108788,10.414689193162538,51.4031423660956,50.0,1
108785,10.4161697725388,51.4038384371704,50.0,1
108501,9.015046126389294,50.82400128204547,50.0,1
108364,13.621419999999944,52.29459,50.0,1
108354,9.30375771738703,48.6938540011401,50.0,2
108076,13.41390533093568,52.52275975921836,50.0,1
108002,8.289690000000064,50.02203000000001,50.0,1
107990,10.177229500000067,53.40778049999999,50.0,1
107987,12.475824811010403,51.37238457255531,50.0,1
106594,13.36568954655764,48.58917781797893,50.0,1
106590,10.854516458630306,53.511271840325975,50.0,1
106540,10.22202604538267,50.32605373222839,50.0,1
106472,11.260267729252632,49.161028247804786,50.0,4
105741,8.429750000000013,49.33148,50.0,1
105541,10.823921299999938,48.6730645,50.0,1
105462,12.135792422090148,49.532517051159964,50.0,1
105143,11.7344898846558,52.9727557749859,50.0,1
105134,13.569354299999986,52.6863734,50.0,1
104165,8.634872,52.018097,50.0,1
104137,9.720519599999989,48.2841601,50.0,1
104075,6.460652186508233,51.1652333329683,50.0,1
104043,11.401710140300793,47.92701948680791,50.0,1
104040,11.4029573674927,47.9269334867727,50.0,1
104037,7.81045423362424,48.05020214254745,50.0,1
104034,7.721690323212456,47.97056698603597,50.0,1
103870,7.667734083514444,51.22378865714499,50.0,1
103867,7.669504341464273,51.223186943791866,50.0,1
103816,13.191778,52.433941,50.0,1
103725,11.590998074591083,50.90176513168705,50.0,1
103670,10.213342619860084,48.437542336818694,50.0,1
103338,11.41467739999996,53.59504279999999,50.0,1
103333,8.412572998147642,49.33656349089087,50.0,1
103330,9.222878046627109,49.152430174406184,50.0,1
103292,7.45750728836061,50.431712211288385,75.0,4
103268,8.707872530446581,50.58876851482216,50.0,1
103265,9.429622292518616,54.80459318313112,50.0,1
103209,11.592132300000003,48.1769128,50.0,1
102983,13.72375999999997,51.02881,50.0,1
102944,11.552610157602663,48.14224985349642,50.0,1
102926,13.368105794442732,52.60341297446134,50.0,1
102820,7.525590699722313,50.5625044870308,50.0,4
102813,7.490800000000036,53.05124,50.0,1
102724,12.1504827194153,48.9962286638219,50.0,1
101848,6.92082359999995,51.2265007,50.0,1
101843,9.6317,48.6059,50.0,1
101786,11.7417388,48.3948512,50.0,1
101624,8.199523176443444,53.149299022394516,50.0,1
101590,12.309953223817942,52.25082528747987,50.0,1
101587,12.307207744436942,52.25197129800277,50.0,1
101571,13.734356700000035,51.2951053,50.0,1
101317,11.472354576721159,48.74722829762142,50.0,1
101314,10.841979215422025,50.72639883609475,50.0,1
101311,10.847263167181364,50.72483113564533,50.0,1
101308,7.55071520729678,47.7369938632095,50.0,1
101305,11.469102041558799,48.83756981732275,50.0,1
101258,11.510782857428028,49.749044307169875,50.0,1
101255,9.35065460845954,52.2787366181735,50.0,4
101244,11.848733015249659,50.87020320622974,50.0,1
101241,11.90741058378353,47.829812310016536,50.0,1
101238,12.176897262904406,47.80139900208116,50.0,1
101235,12.589757499336196,47.8290365562407,50.0,1
101232,12.589537558196975,47.827815315484955,50.0,1
101229,11.201578324462158,49.3571701748146,50.0,1
101226,8.630589347810416,49.34976390821898,50.0,1
101214,13.366730243655418,48.58852971453252,50.0,1
101180,8.91112529999998,54.19946729999999,50.0,1
101174,12.517598280916236,49.198313440172726,50.0,1
101168,7.87450479654239,51.6322250095776,50.0,1
101162,8.18124221948551,48.8090202460372,50.0,1
101159,8.66446968867196,52.0718935949719,50.0,1
101101,13.0939318776097,54.2999992325117,50.0,1
101075,10.141016203110421,51.947284225603205,50.0,1
101054,7.94721519999996,47.5495479,50.0,1
101021,11.773902543547008,50.407042251314735,50.0,1
100981,13.3388609686435,53.8565188473211,50.0,1
100810,10.0267951163941,53.5815765902404,50.0,1
100756,9.3939104861969,49.8982375915625,50.0,1
100104,9.80667848346706,48.5206301292619,50.0,1
100086,9.092248278295854,54.176925172140216,50.0,1
100043,12.098450249032776,50.07395232652381,50.0,1
100021,8.12309730000004,49.1999411,50.0,1
100004,11.7584563,48.122395,50.0,1
100001,11.7590032000001,48.1240328,50.0,1
99986,10.307450000000017,50.43007,50.0,1
98933,13.407960000000003,52.50069,50.0,1
98925,7.9663932,51.6957326,350.0,2
258509,7.9663932,51.6957326,50.0,1
258524,7.9663932,51.6957326,80.0,2
96256,13.04644395714718,48.76565605432672,50.0,1
95781,12.7049607052795,48.9319421225645,50.0,1
95775,7.824769999999944,49.92413,50.0,1
95730,7.450174500000003,53.2309309,50.0,1
95696,12.1205979374343,47.7967722538886,50.0,1
95693,12.9036504446358,47.764323571851,50.0,1
94357,7.827351099999987,50.4392664,50.0,1
94317,13.37846490000004,52.52955129999999,50.0,2
94253,6.8707671382853786,51.41072156504074,50.0,1
92169,10.18206,48.9566,50.0,4
92134,10.2464115633682,49.7792756180603,50.0,1
92105,11.7742083153747,50.404585707502,50.0,1
92052,7.557509600000003,50.3880807,50.0,1
91808,12.7058864034134,48.9329421912485,50.0,1
91703,9.981512269519843,53.79390724582432,50.0,1
91680,9.88116176841437,50.2631239495495,50.0,1
91596,9.88230975387274,50.2684740010895,50.0,1
91358,9.468739640544888,51.202576736422174,50.0,1
89897,10.9291481,49.5801404,50.0,1
89864,10.527502306884786,52.23461012813826,50.0,1
89861,10.6750495751464,53.8486863893959,50.0,1
89777,9.708677725664078,50.4884282469971,50.0,4
89773,13.395021776790594,52.49967502674226,50.0,1
89727,13.351298868786653,52.48316359275756,50.0,1
89724,11.5141087966065,49.7485590441039,50.0,1
89713,12.060069280564916,52.236852104525646,50.0,1
89707,10.208779999999933,50.3202,50.0,1
89704,10.216813408737146,50.31973741495524,50.0,1
89648,8.43073596808814,49.319918944277,50.0,1
89628,10.069436616117397,49.18148221807903,50.0,4
136607,9.97814405159,53.5477515129898,50.0,1
83760,13.282923600000004,52.50918480000001,50.0,1
83755,13.5269647994751,52.3707419008082,50.0,1
83721,11.620195831873389,48.15382528856583,50.0,1
83667,11.439872633738547,48.2532890223805,50.0,1
83653,11.4951100000001,52.17419,50.0,3
83274,11.6018980523537,49.2718446272522,50.0,1
83026,8.23464378965217,50.3002672737734,50.0,1
82990,10.4398416999306,48.4110159341012,50.0,1
178545,10.4398416999306,48.4110159341012,320.0,1
178546,10.4398416999306,48.4110159341012,320.0,1
145992,10.10382,52.18214,50.0,1
136041,8.425700046627064,52.9145640284238,50.0,1
95317,8.778446,50.102455,50.0,1
261782,11.616755,50.054078,50.0,1
78145,10.2449475008743,49.7805676607455,50.0,1
78141,11.585310117721539,48.18563937346123,50.0,1
78048,9.793641225690871,52.40402252490607,50.0,1
78039,9.82705071163948,52.2977747205921,50.0,1
78034,9.708069499999965,54.2959007,50.0,1
78018,8.6145472,50.2194007,50.0,1
77180,11.673130907934585,52.20668550625943,50.0,1
76717,10.81202351144384,48.41872915755967,50.0,1
76714,7.21881499999995,50.807597,50.0,1
76711,10.01634876611206,49.945462893279235,50.0,1
76708,10.2448344244674,49.781077914403,50.0,1
76381,9.080870730549595,48.88148713676068,50.0,3
76378,9.14975000000004,48.92565,50.0,1
76264,10.871322100000043,48.4049028,50.0,2
73852,11.1777523433261,54.4425371938451,50.0,1
73845,12.1878096978841,51.6084987553687,50.0,1
73842,12.1838829438863,51.6059534388593,50.0,1
73769,10.039049999999975,47.88022,50.0,3
73765,10.847860999999966,48.059481,50.0,1
73762,10.8466759,48.0579996,50.0,1
73336,11.5822137,48.5105073,50.0,4
73244,12.1010771,48.5661447,50.0,1
73164,10.530110000000036,52.2632,50.0,2
73125,10.527632194146692,52.26226030353703,50.0,1
73123,10.5152256534085,52.2610374550324,50.0,1
73121,10.50192783718717,53.82230443796705,50.0,1
73080,8.037578067736812,48.64075358508522,50.0,4
73004,10.537373286924776,52.25379750655677,50.0,1
72973,7.19602769682002,53.3684704542984,50.0,1
72845,10.5213765999999,52.2679986,50.0,1
72799,10.51987051963806,52.28704612181405,50.0,1
72571,10.555372,49.9817614,50.0,2
72568,10.1172063,50.0033836,50.0,3
72159,8.747809999999959,50.13249,50.0,1
72134,10.3205324790734,53.6926095383223,50.0,1
72093,11.55748739874186,48.176931614253995,50.0,1
72044,11.6428777,48.1384623,50.0,1
71966,10.3249247537896,53.6945053860389,50.0,1
71855,8.45505000000003,48.0608,50.0,1
71555,10.5230012,52.2697397,50.0,1
71552,10.53362,52.22929,50.0,1
71548,10.536795258522034,52.276547531712886,50.0,1
71546,10.5387099,52.2590974,50.0,1
71544,10.5162800000001,52.26757,50.0,1
71068,9.57422545659949,50.8348117847542,100.0,2
186095,9.57422545659949,50.8348117847542,60.0,1
71065,9.52685365609739,51.2723459740501,50.0,3
68766,10.0125502,53.4625181,50.0,1
68674,13.3777476,52.5122297,50.0,1
68639,10.528716444969177,52.2745551771129,50.0,1
68573,10.519710452149637,52.26486285855185,50.0,1
68394,10.52147,52.25678,50.0,1
68359,11.63778841495514,48.25154084386234,50.0,1
68357,12.396131,51.3155639,50.0,1
68351,11.0457273,49.4479045,50.0,1
68343,7.07959099999994,50.7412498,50.0,1
68339,6.80912499999999,51.2732911,50.0,1
68334,10.0361800000001,53.54717,50.0,1
68331,9.51470089999998,51.3135732,50.0,1
68329,11.56346,48.18187,50.0,1
68325,9.19386399999996,48.8073949,50.0,1
68323,9.08816279999996,48.7328203,50.0,1
68317,9.86725030000002,53.5717255,50.0,1
68312,7.4705497211994,51.4852716207232,50.0,1
68309,8.48641359999999,49.4664302,50.0,1
68307,12.15424,48.56083,50.0,2
68285,8.46306709999999,47.4843245,50.0,1
68273,9.88599620000002,51.5261049,50.0,1
68271,11.6019272999999,48.199807,50.0,1
68269,8.72368370000004,50.1156665,50.0,1
68266,6.81836279999993,51.2336524,50.0,1
68264,10.0938398000001,53.5872397,50.0,1
68260,13.77271,51.0154,50.0,1
68258,12.4384979,51.4107635,50.0,1
68254,10.2012749,53.4913069,50.0,1
68237,7.04165499999999,49.2253707,50.0,1
68198,11.105087,50.975167,50.0,1
68166,11.77075,48.39662,50.0,1
68162,11.4990003,48.0886115,50.0,1
68160,11.60841,48.18738,50.0,1
68158,11.5094269,48.1426765,50.0,1
68156,8.82204000000002,47.97613,50.0,1
68154,7.81830100000002,48.5769972,50.0,1
68149,8.90793150000002,48.3236488,50.0,1
68147,9.27380840000001,48.8202347,50.0,1
68145,9.22647000000006,48.78099,50.0,1
68141,8.62267350000002,50.101102,50.0,1
68133,7.07687999999996,50.74031,50.0,1
68124,6.62422749999996,50.9480991,50.0,1
68093,6.81463340000005,51.2220519,50.0,1
68073,9.47757369999999,51.3125772,50.0,1
68052,8.22896000000003,53.12878,50.0,1
68046,10.12477,54.31187,50.0,1
68042,9.91998000000001,53.5658,50.0,1
68030,9.95915230000003,53.5694326,50.0,1
68024,12.060041,54.1313334,50.0,1
68007,12.4600685,51.3690914,50.0,1
68001,13.64793,51.04027,50.0,1
67980,13.2678613,53.5809032,50.0,1
67974,10.78745,50.10379,50.0,1
67903,12.810129999999958,52.88859,50.0,1
67894,10.0132011000001,53.4613567,50.0,1
67718,9.16326939999999,47.6753638,50.0,1
65907,10.0016451878357,49.9120507219595,50.0,2
65670,13.40454045443117,52.46387129164852,50.0,1
65644,13.228509893917817,52.5382990068599,50.0,1
65555,11.8726386677369,50.8897429533014,50.0,1
65331,9.25180280809637,51.9806927101756,50.0,1
65135,9.618235966397721,52.42683198364352,50.0,1
64836,8.22910709999996,53.1290086,50.0,1
64823,9.02201049339295,52.5676779145292,50.0,1
64769,8.65843213012511,49.88862166364,50.0,1
63763,12.1535661052795,48.5608377369806,50.0,2
63744,11.4780192830506,48.7838616000002,50.0,1
183687,11.4135000901135,48.7834905777713,350.0,4
63699,11.5843515074097,48.5083759345677,50.0,1
60837,8.007406023278815,52.26467473253746,50.0,1
60833,9.983539999999948,54.0613,50.0,1
60665,11.4720144691254,48.8362632986629,50.0,3
60631,10.529639899371,52.2649403828801,50.0,1
59859,8.19147215476982,53.1440772679164,50.0,1
68199,11.056697,50.971994,50.0,1
58645,10.5142885198212,52.2972184185595,50.0,3
58626,9.88599620000002,51.5261049,50.0,1
58538,11.57962,52.08108,50.0,1
58329,9.939443391401719,51.5297018536602,50.0,1
58220,10.7857973510345,52.428941692334,50.0,1
65424,10.6826547415866,53.8498385738836,50.0,1
57665,13.0040812,49.0251214,50.0,1
144094,8.15133481018382,52.1343979163044,50.0,1
55670,8.64029108731074,49.4137307592518,50.0,1
55639,8.84095000000002,53.04572,50.0,1
111463,7.21922796129865,51.4708614601872,50.0,1
170868,10.4159096785736,51.9263106335525,50.0,1
55365,9.88242770146643,51.5274431879369,50.0,1
55348,9.758761525154114,52.397011721311266,50.0,1
54687,9.81795218145421,52.3187888119373,50.0,1
52877,6.81838619999996,51.2336306,50.0,1
52739,10.09490195477,53.5874180209006,50.0,1
52737,10.0358699999999,53.54702,50.0,1
101114,8.65866836508176,53.0293174479837,50.0,1
51072,10.732787437820432,52.42161614693608,50.0,1
50711,12.21867,51.81688,50.0,1
71550,10.560221672058105,52.31616266527351,50.0,1
103798,8.82721626752856,54.7872594261692,50.0,1
64748,10.6795136441804,53.6242436304425,50.0,1
44738,8.974191892204317,52.801625945616934,50.0,1
73493,9.63474999999994,52.4175,50.0,1
101065,8.42565,52.9139,50.0,1
49596,13.260589,52.508433,50.0,1
49527,13.357684668647831,52.48243353392803,50.0,1
65676,13.527964,52.457084,50.0,1
87727,12.781595,52.16098,50.0,1
187415,7.457295,51.516612,50.0,1
187411,7.47328965298107,51.4994265892281,50.0,1
108061,7.5968366861343375,51.467690272632574,50.0,1
138260,6.447953,51.157432,50.0,1
34695,10.783172219643363,52.4166815135675,50.0,1
26864,11.291481942866,49.5027895747964,50.0,1
54646,8.59857999999997,51.92946,50.0,1
